0.31958
0.183838
0.688721
0.177979
0.245361
0.734619
0.739502
0.60376
0.921143
0.5354
0.540283
0.279541
0.346924
0.586182
0.0910645
0.205322
0.522705
0.886963
0.391846
0.381104
0.448486
0.437744
0.442627
0.806885
0.124268
0.238525
0.243408
0.482666
0.550049
0.289307
0.794189
0.408447
0.72583
0.590088
0.0949707
0.584229
0.651611
0.140869
0.145752
0.0100098
0.327393
0.94165
0.946533
0.685791
0.753174
0.992432
0.497314
0.611572
0.928955
0.293213
0.798096
0.787354
0.854736
0.843994
0.848877
0.213135
0.530518
0.644775
0.649658
0.888916
0.956299
0.695557
0.200439
0.814697
0.13208
0.996338
0.501221
0.990479
0.0578613
0.547119
0.552002
0.41626
0.733643
0.3479
0.352783
0.092041
0.159424
0.398682
0.903564
0.0178223
0.335205
0.699463
0.204346
0.193604
0.260986
0.250244
0.255127
0.619385
0.936768
0.0510254
0.0559082
0.295166
0.362549
0.101807
0.606689
0.220947
0.53833
0.402588
0.907471
0.396729
0.464111
0.953369
0.958252
0.82251
0.139893
0.75415
0.759033
0.498291
0.565674
0.804932
0.309814
0.424072
0.741455
0.105713
0.610596
0.599854
0.667236
0.656494
0.661377
0.0256348
0.343018
0.457275
0.462158
0.701416
0.768799
0.508057
0.0129395
0.627197
0.94458
0.808838
0.313721
0.802979
0.870361
0.359619
0.364502
0.22876
0.546143
0.1604
0.165283
0.904541
0.971924
0.211182
0.716064
0.830322
0.147705
0.511963
0.0168457
0.00610352
0.0734863
0.0627441
0.067627
0.431885
0.749268
0.863525
0.868408
0.107666
0.175049
0.914307
0.419189
0.0334473
0.35083
0.215088
0.719971
0.209229
0.276611
0.765869
0.770752
0.63501
0.952393
0.56665
0.571533
0.310791
0.378174
0.617432
0.122314
0.236572
0.553955
0.918213
0.423096
0.412354
0.479736
0.468994
0.473877
0.838135
0.155518
0.269775
0.274658
0.513916
0.581299
0.320557
0.825439
0.439697
0.75708
0.621338
0.126221
0.615479
0.682861
0.172119
0.177002
0.0412598
0.358643
0.9729
0.977783
0.717041
0.784424
0.0236816
0.528564
0.642822
0.960205
0.324463
0.829346
0.818604
0.885986
0.875244
0.880127
0.244385
0.561768
0.676025
0.680908
0.920166
0.987549
0.726807
0.231689
0.845947
0.16333
0.0275879
0.532471
0.0217285
0.0891113
0.578369
0.583252
0.44751
0.764893
0.37915
0.384033
0.123291
0.190674
0.429932
0.934814
0.0490723
0.366455
0.730713
0.235596
0.224854
0.292236
0.281494
0.286377
0.650635
0.968018
0.0822754
0.0871582
0.326416
0.393799
0.133057
0.637939
0.252197
0.56958
0.433838
0.938721
0.427979
0.495361
0.984619
0.989502
0.85376
0.171143
0.7854
0.790283
0.529541
0.596924
0.836182
0.341064
0.455322
0.772705
0.136963
0.641846
0.631104
0.698486
0.687744
0.692627
0.0568848
0.374268
0.488525
0.493408
0.732666
0.800049
0.539307
0.0441895
0.658447
0.97583
0.840088
0.344971
0.834229
0.901611
0.390869
0.395752
0.26001
0.577393
0.19165
0.196533
0.935791
0.00317383
0.242432
0.747314
0.861572
0.178955
0.543213
0.0480957
0.0373535
0.104736
0.0939941
0.098877
0.463135
0.780518
0.894775
0.899658
0.138916
0.206299
0.945557
0.450439
0.0646973
0.38208
0.246338
0.751221
0.240479
0.307861
0.797119
0.802002
0.66626
0.983643
0.5979
0.602783
0.342041
0.409424
0.648682
0.153564
0.267822
0.585205
0.949463
0.454346
0.443604
0.510986
0.500244
0.505127
0.869385
0.186768
0.301025
0.305908
0.545166
0.612549
0.351807
0.856689
0.470947
0.78833
0.652588
0.157471
0.646729
0.714111
0.203369
0.208252
0.0725098
0.389893
0.00415039
0.0090332
0.748291
0.815674
0.0549316
0.559814
0.674072
0.991455
0.355713
0.860596
0.849854
0.917236
0.906494
0.911377
0.275635
0.593018
0.707275
0.712158
0.951416
0.0187988
0.758057
0.262939
0.877197
0.19458
0.0588379
0.563721
0.0529785
0.120361
0.609619
0.614502
0.47876
0.796143
0.4104
0.415283
0.154541
0.221924
0.461182
0.966064
0.0803223
0.397705
0.761963
0.266846
0.256104
0.323486
0.312744
0.317627
0.681885
0.999268
0.113525
0.118408
0.357666
0.425049
0.164307
0.669189
0.283447
0.60083
0.465088
0.969971
0.459229
0.526611
0.0158691
0.020752
0.88501
0.202393
0.81665
0.821533
0.560791
0.628174
0.867432
0.372314
0.486572
0.803955
0.168213
0.673096
0.662354
0.729736
0.718994
0.723877
0.0881348
0.405518
0.519775
0.524658
0.763916
0.831299
0.570557
0.0754395
0.689697
0.00708008
0.871338
0.376221
0.865479
0.932861
0.422119
0.427002
0.29126
0.608643
0.2229
0.227783
0.967041
0.0344238
0.273682
0.778564
0.892822
0.210205
0.574463
0.0793457
0.0686035
0.135986
0.125244
0.130127
0.494385
0.811768
0.926025
0.930908
0.170166
0.237549
0.976807
0.481689
0.0959473
0.41333
0.277588
0.782471
0.271729
0.339111
0.828369
0.833252
0.69751
0.0148926
0.62915
0.634033
0.373291
0.440674
0.679932
0.184814
0.299072
0.616455
0.980713
0.485596
0.474854
0.542236
0.531494
0.536377
0.900635
0.218018
0.332275
0.337158
0.576416
0.643799
0.383057
0.887939
0.502197
0.81958
0.683838
0.188721
0.677979
0.745361
0.234619
0.239502
0.10376
0.421143
0.0354004
0.0402832
0.779541
0.846924
0.0861816
0.591064
0.705322
0.0227051
0.386963
0.891846
0.881104
0.948486
0.937744
0.942627
0.306885
0.624268
0.738525
0.743408
0.982666
0.0500488
0.789307
0.294189
0.908447
0.22583
0.0900879
0.594971
0.0842285
0.151611
0.640869
0.645752
0.51001
0.827393
0.44165
0.446533
0.185791
0.253174
0.492432
0.997314
0.111572
0.428955
0.793213
0.298096
0.287354
0.354736
0.343994
0.348877
0.713135
0.0305176
0.144775
0.149658
0.388916
0.456299
0.195557
0.700439
0.314697
0.63208
0.496338
0.0012207
0.490479
0.557861
0.0471191
0.052002
0.91626
0.233643
0.8479
0.852783
0.592041
0.659424
0.898682
0.403564
0.517822
0.835205
0.199463
0.704346
0.693604
0.760986
0.750244
0.755127
0.119385
